3,2
3,1
3,3
10,259
10,125
10,247
10,161
10,251
10,181
8,13
8,2
8,3
132,4
132,3
132,2
132,1
132,0
131,4
131,3
131,2
131,1
131,0
130,5
130,4
130,3
130,2
130,1
130,0
129,4
129,3
129,2
129,1
129,0
128,4
128,3
128,2
128,1
128,0
127,5
127,4
127,3
127,2
127,1
127,0
126,3
126,2
126,1
126,0
20,3
20,2
20,1
19,3
19,2
19,1
12,3
12,2
12,1
11,28
11,27
11,26
11,25
11,24
11,23
11,22
11,21
11,20
11,19
11,18
11,17
11,16
11,15
11,14
11,13
11,12
11,11
11,10
11,9
11,8
11,7
11,6
11,5
11,4
11,3
11,2
11,1
10,295
10,275
18,1
18,3
10,271
14,1
10,257
14,3
13,1
13,3
10,254
10,244
10,226
10,218
10,214
10,204
10,203
10,109
10,105
